epoch,acc,loss,val_acc,val_loss
0,0.9472278,0.16953501839448346,0.96463907,0.1277418328163123
1,0.94807357,0.16748849088451354,0.96443117,0.128323017261597
2,0.9484019,0.16556578878235056,0.96466744,0.12879305967377394
3,0.94855785,0.1642108404168759,0.96445954,0.12833451993341927
4,0.9487445,0.16335330278018315,0.9645824,0.12869779628469
5,0.94885314,0.1627383598956026,0.96445006,0.12847286700671812
6,0.9489831,0.1621027223738726,0.9643178,0.12855500377572485
7,0.9498336,0.15960356021320804,0.96425164,0.1281167750330509
8,0.9496422,0.1599672142948765,0.96421385,0.12857309824254026
9,0.9502848,0.158219303729608,0.9639776,0.12820148829362604
10,0.95011944,0.15728317138004277,0.96405315,0.12870268319262046
11,0.95019263,0.15740524252565968,0.9639209,0.12896222926799977
12,0.95033675,0.1563382041565036,0.96405315,0.12846106467599838
