epoch,acc,loss,val_acc,val_loss
0,0.8482155,0.4984313167488015,0.8863763,0.37192099205377577
1,0.8771389,0.4022312091669592,0.89514565,0.3419041548637106
2,0.88671625,0.3689780267315856,0.9005226,0.3209592329547598
3,0.8936098,0.34400275969198846,0.9075721,0.3029029471597226
4,0.8987387,0.3271496161160875,0.91015184,0.29574260741167246
5,0.90247846,0.3127184052773596,0.91315687,0.2820458224833259
6,0.9058922,0.3009501745558518,0.9143381,0.2788752903185895
7,0.9087318,0.29016249789700765,0.9164454,0.2698531989116438
8,0.91172504,0.28007895124324766,0.91737145,0.2658222848237322
9,0.91408277,0.27131120485167987,0.9190913,0.2591027863012212
10,0.9168633,0.2630862911077118,0.920367,0.2567131245474661
11,0.9184391,0.25541196986168013,0.921312,0.2545340142602145
12,0.9206267,0.24893632125379786,0.92245543,0.25070327844572793
13,0.92270565,0.24211285820569411,0.9233248,0.24683365212506747
14,0.9241538,0.23599798328765142,0.92371225,0.24634191524863833
15,0.9259493,0.22964403007656828,0.9247139,0.24261666171139867
16,0.927766,0.22517713603287687,0.926103,0.24415715812127134
17,0.92928976,0.2195955049760977,0.9263015,0.23984746289115041
18,0.9308679,0.21415562988521128,0.92645264,0.23859965172609696
19,0.9317491,0.2108406448097771,0.92709523,0.2406917002924259
20,0.93325865,0.20563844336621054,0.928267,0.23676930101441973
21,0.93407136,0.20274550198024874,0.928078,0.23772866941685988
22,0.9352833,0.19818684428663536,0.9282481,0.23564640089454666
23,0.93653065,0.19482104758285362,0.9290891,0.23311039070615036
24,0.93739533,0.19157590954064507,0.92946714,0.23489288877927858
25,0.93873245,0.18743735080281854,0.92942935,0.23325913608120374
26,0.93963724,0.18475842231433817,0.929864,0.23464777827277514
27,0.94073343,0.18126316289159908,0.9299869,0.23253514842686512
28,0.9412319,0.1790400448172023,0.93040264,0.2338438126752917
29,0.942373,0.17602132210418253,0.93078065,0.23278082149213486
30,0.9431975,0.17351632945313739,0.931083,0.2324966703433794
31,0.943644,0.17156338215899306,0.931083,0.23175224812438852
32,0.9445299,0.16863415668054782,0.9311397,0.23264519550643203
33,0.94568515,0.16601870260630147,0.9311492,0.23142638796401294
34,0.94617176,0.16390010346102638,0.93190515,0.23145621342365405
35,0.9466537,0.16195694092806343,0.9317823,0.2326385374383918
36,0.94753253,0.16008890317528066,0.9318296,0.23398652441916726
37,0.9482531,0.156767029233441,0.93211305,0.23228585795987272
38,0.9489406,0.1556094266808193,0.932217,0.23380350768817426
39,0.9491485,0.15411151879758675,0.93271786,0.23211897026017916
40,0.9497603,0.1524304765561119,0.9329352,0.23215156389888647
41,0.9498194,0.15092255349614261,0.9328407,0.23284702816425776
42,0.9506793,0.1488937072281584,0.932869,0.23342848983088033
43,0.9512581,0.14821025361727405,0.93319976,0.23351003386242075
44,0.9519007,0.1462243895502293,0.9332848,0.23360551943462324
45,0.952196,0.14481018016220285,0.9332848,0.2337485883060284
46,0.9525362,0.14375894888963583,0.93367225,0.2327496663188585
47,0.9531008,0.14190435479751756,0.9333793,0.23337901599135275
48,0.95318115,0.14178990134181127,0.93371004,0.2332680330737042
49,0.95355916,0.14059074593546783,0.93344545,0.23439643246368222
50,0.95449936,0.13834156373998663,0.93361557,0.2352932583451165
51,0.95445687,0.1378684918211932,0.9333037,0.23475287785473128
52,0.95448285,0.13743610706453205,0.93348324,0.2347502043064009
53,0.95492226,0.13646247283935145,0.93361557,0.2342831894747082
